referrer,views_total,views_unique
github.com,59,15
Google,57,14
pkg.go.dev,9,1
vhive-serverless.github.io,2,1
t.co,1,1
